Sun
1.989000e+30
420121156.8 157224737.9 0.0
12.19 6.74 0.00
Mercury
3.301000e+23
-22030527160.6 51675273086.0 0.0
-46260.09 -17278.64 0.00
Venus
4.867000e+24
-7947701383.1 106538483775.3 0.0
-35433.69 -2239.12 0.00
Earth
5.972000e+24
149911459104.6 4535516134.5 0.0
-859.69 29788.08 0.00
Mars
6.417000e+23
208583930664.1 91990612074.1 0.0
-9739.72 22127.16 0.00
Jupiter
1.898000e+27
379356410837.5 679904646396.8 0.0
-11398.44 6381.86 0.00
Saturn
5.683000e+26
1297564887369.9 593292639979.3 0.0
-4015.20 8803.72 0.00
Uranus
8.681000e+25
2838690719526.9 429043778103.1 0.0
-1017.49 6733.25 0.00
Neptune
1.024000e+26
4485089679732.3 343393480370.3 0.0
-415.48 5419.08 0.00
Pluto
1.303000e+22
5898735507269.2 300217866709.0 0.0
-241.24 4742.86 0.00
